row  01  0.0158  0.9694  0.8340  0.3906
row  02  0.2554  0.7355  0.1242  0.6645
row  03  0.5373  0.9490  0.4412  0.2599
row  04  0.2119  0.9048  0.0994  0.0538
row  05  0.0641  0.5657  0.2664  0.1550
row  06  0.1566  0.6544  0.9108  0.3426
row  07  0.9495  0.4500  0.9530  0.2241
row  08  0.1507  0.8074  0.6687  0.1644
row  09  0.6800  0.9732  0.3576  0.6896
row  10  0.1952  0.4620  0.8776  0.7148
row  11  0.5126  0.7167  0.2193  0.2855
row  12  0.3706  0.9709  0.1654  0.8778
row  13  0.4196  0.4239  0.8524  0.9736
row  14  0.7799  0.8616  0.4338  0.6776
row  15  0.7381  0.0610  0.4188  0.4611
row  16  0.2086  0.1453  0.9424  0.0846
row  17  0.9904  0.8209  0.1442  0.4619
row  18  0.3793  0.1206  0.4297  0.7354
row  19  0.2594  0.7389  0.1492  0.1095
row  20  0.6615  0.2698  0.7818  0.3536
